prueba <- c(100 ,200,300,400,500)
ingeip <- mean (prueba)
inegip * prueba
